projecta pm535 serial dump, 
00000000  7e f0 80 03 03 0c 0b cd  00 50 af 68 7e 80 f0 03  |~........P.h~...|
00000010  03 a8 00 00 00 00 00 00  00 00 00 00 00 00 00 00  |................|
00000020  00 00 00 00 00 00 00 00  00 00 00 00 00 00 00 00  |................|
00000030  00 00 00 00 00 00 00 00  00 00 00 00 00 00 00 00  |................|
00000040  00 00 00 00 00 00 00 00  00 00 00 00 00 00 00 00  |................|
00000050  00 00 00 00 00 00 00 00  00 00 00 00 00 00 00 00  |................|
00000060  00 00 00 00 00 00 00 00  00 00 00 00 00 00 00 00  |................|
00000070  00 00 00 00 00 00 00 00  00 00 00 00 00 00 00 00  |................|
00000080  00 00 00 00 00 00 00 00  00 00 00 00 00 00 00 00  |................|
00000090  00 00 00 00 00 00 00 00  00 00 00 00 00 00 00 00  |................|
000000a0  00 00 00 00 00 00 00 00  00 00 00 00 00 00 00 00  |................|
000000b0  00 00 c9 50 7e f0 80 03  03 0c 0b a4 00 14 7f 47  |...P~..........G|
000000c0  7e 80 f0 03 03 30 00 00  00 00 00 00 00 00 00 00  |~....0..........|
000000d0  00 00 00 00 00 00 00 00  00 00 00 00 00 00 00 00  |................|
000000e0  00 00 00 00 00 00 00 00  00 00 00 00 00 00 bd 6d  |...............m|
000000f0  7e f0 80 03 03 0c 0b cd  00 50 af 68 7e 80 f0 03  |~........P.h~...|
00000100  03 a8 00 00 00 00 00 00  00 00 00 00 00 00 00 00  |................|
00000110  00 00 00 00 00 00 00 00  00 00 00 00 00 00 00 00  |................|
00000120  00 00 00 00 00 00 00 00  00 00 00 00 00 00 00 00  |................|
00000130  00 00 00 00 00 00 00 00  00 00 00 00 00 00 00 00  |................|
00000140  00 00 00 00 00 00 00 00  00 00 00 00 00 00 00 00  |................|
00000150  00 00 00 00 00 00 00 00  00 00 00 00 00 00 00 00  |................|
00000160  00 00 00 00 00 00 00 00  00 00 00 00 00 00 00 00  |................|
00000170  00 00 00 00 00 00 00 00  00 00 00 00 00 00 00 00  |................|
00000180  00 00 00 00 00 00 00 00  00 00 00 00 00 00 00 00  |................|
00000190  00 00 00 00 00 00 00 00  00 00 00 00 00 00 00 00  |................|
000001a0  00 00 c9 50 f5 03 00 00  00 0b 11 79 a0 ff 00 03  |...P.......y....|
000001b0  00 02 00 01 61 7c 7e f0  80 03 03 0c 0b a4 00 14  |....a|~.........|
000001c0  7f 47 7e 80 f0 03 03 30  00 00 00 00 00 00 00 00  |.G~....0........|
000001d0  00 00 00 00 00 00 00 00  00 00 00 00 00 00 00 00  |................|
000001e0  00 00 00 00 00 00 00 00  00 00 00 00 00 00 00 00  |................|
000001f0  bd 6d 7e ff 41 03 03 0c  00 00 00 51 71 1f 7e ff  |.m~.A......Qq.~.|
00000200  42 03 03 0c 00 00 00 51  31 0a 7e ff 11 03 03 0c  |B......Q1.~.....|
00000210  00 00 00 5d 74 26 7e ff  a0 03 03 0c 00 00 00 10  |...]t&~.........|
00000220  7e ab 7e f0 80 03 03 0c  0b cd 00 50 af 68 7e 80  |~.~........P.h~.|
00000230  f0 03 03 a8 00 00 00 00  00 00 00 00 00 00 00 00  |................|
00000240  00 00 00 00 00 00 00 00  00 00 00 00 00 00 00 00  |................|
00000250  00 00 00 00 00 00 00 00  00 00 00 00 00 00 00 00  |................|
00000260  00 00 00 00 00 00 00 00  00 00 00 00 00 00 00 00  |................|
00000270  00 00 00 00 00 00 00 00  00 00 00 00 00 00 00 00  |................|
00000280  00 00 00 00 00 00 00 00  00 00 00 00 00 00 00 00  |................|
00000290  00 00 00 00 00 00 00 00  00 00 00 00 00 00 00 00  |................|
000002a0  00 00 00 00 00 00 00 00  00 00 00 00 00 00 00 00  |................|
000002b0  00 00 00 00 00 00 00 00  00 00 00 00 00 00 00 00  |................|
000002c0  00 00 00 00 00 00 00 00  00 00 00 00 00 00 00 00  |................|
000002d0  00 00 00 00 c9 50 f0 03  00 05 00 38 41 38 7e f0  |.....P.....8A8~.|
000002e0  80 03 03 0c 0b a4 00 14  7f 47 7e 80 f0 03 03 30  |.........G~....0|
000002f0  00 00 00 00 00 00 00 00  00 00 00 00 00 00 00 00  |................|
00000300  00 00 00 00 00 00 00 00  00 00 00 00 00 00 00 00  |................|
00000310  00 00 00 00 00 00 00 00  bd 6d 7e f0 80 03 03 0c  |.........m~.....|
00000320  0b cd 00 50 af 68 7e 80  f0 03 03 a8 00 00 00 00  |...P.h~.........|
00000330  00 00 00 00 00 00 00 00  00 00 00 00 00 00 00 00  |................|
00000340  00 00 00 00 00 00 00 00  00 00 00 00 00 00 00 00  |................|
00000350  00 00 00 00 00 00 00 00  00 00 00 00 00 00 00 00  |................|
00000360  00 00 00 00 00 00 00 00  00 00 00 00 00 00 00 00  |................|
00000370  00 00 00 00 00 00 00 00  00 00 00 00 00 00 00 00  |................|
00000380  00 00 00 00 00 00 00 00  00 00 00 00 00 00 00 00  |................|
00000390  00 00 00 00 00 00 00 00  00 00 00 00 00 00 00 00  |................|
000003a0  00 00 00 00 00 00 00 00  00 00 00 00 00 00 00 00  |................|
000003b0  00 00 00 00 00 00 00 00  00 00 00 00 00 00 00 00  |................|
000003c0  00 00 00 00 00 00 00 00  00 00 00 00 c9 50 c0 03  |.............P..|
000003d0  01 00 00 1c 55 2e 7e f0  80 03 03 0c 0b a4 00 14  |....U.~.........|
000003e0  7f 47 7e 80 f0 03 03 30  00 00 00 00 00 00 00 00  |.G~....0........|
000003f0  00 00 00 00 00 00 00 00  00 00 00 00 00 00 00 00  |................|
00000400  00 00 00 00 00 00 00 00  00 00 00 00 00 00 00 00  |................|
00000410  bd 6d 80 ff 00 03 00 02  00 01 63 64 80 ff 80 03  |.m........cd....|
00000420  00 0f 80 00 7c 00 10 09  c4 c8 00 00 35 02 00 00  |....|.......5...|
00000430  00 50 5a 7e f0 80 03 03  0c 0b cd 00 50 af 68 7e  |.PZ~........P.h~|
00000440  80 f0 03 03 a8 00 00 00  00 00 00 00 00 00 00 00  |................|
00000450  00 00 00 00 00 00 00 00  00 00 00 00 00 00 00 00  |................|
00000460  00 00 00 00 00 00 00 00  00 00 00 00 00 00 00 00  |................|
00000470  00 00 00 00 00 00 00 00  00 00 00 00 00 00 00 00  |................|
00000480  00 00 00 00 00 00 00 00  00 00 00 00 00 00 00 00  |................|
00000490  00 00 00 00 00 00 00 00  00 00 00 00 00 00 00 00  |................|
000004a0  00 00 00 00 00 00 00 00  00 00 00 00 00 00 00 00  |................|
000004b0  00 00 00 00 00 00 00 00  00 00 00 00 00 00 00 00  |................|
000004c0  00 00 00 00 00 00 00 00  00 00 00 00 00 00 00 00  |................|
000004d0  00 00 00 00 00 00 00 00  00 00 00 00 00 00 00 00  |................|
000004e0  00 00 00 00 00 c9 50 7e  f0 80 03 03 0c 0b a4 00  |......P~........|
000004f0  14 7f 47 7e 80 f0 03 03  30 00 00 00 00 00 00 00  |..G~....0.......|
00000500  00 00 00 00 00 00 00 00  00 00 00 00 00 00 00 00  |................|
00000510  00 00 00 00 00 00 00 00  00 00 00 00 00 00 00 00  |................|
00000520  00 bd 6d 7e f0 80 03 03  0c 0b cd 00 50 af 68 7e  |..m~........P.h~|
00000530  80 f0 03 03 a8 00 00 00  00 00 00 00 00 00 00 00  |................|
00000540  00 00 00 00 00 00 00 00  00 00 00 00 00 00 00 00  |................|
00000550  00 00 00 00 00 00 00 00  00 00 00 00 00 00 00 00  |................|
00000560  00 00 00 00 00 00 00 00  00 00 00 00 00 00 00 00  |................|
00000570  00 00 00 00 00 00 00 00  00 00 00 00 00 00 00 00  |................|
00000580  00 00 00 00 00 00 00 00  00 00 00 00 00 00 00 00  |................|
00000590  00 00 00 00 00 00 00 00  00 00 00 00 00 00 00 00  |................|
000005a0  00 00 00 00 00 00 00 00  00 00 00 00 00 00 00 00  |................|
000005b0  00 00 00 00 00 00 00 00  00 00 00 00 00 00 00 00  |................|
000005c0  00 00 00 00 00 00 00 00  00 00 00 00 00 00 00 00  |................|
000005d0  00 00 00 00 00 c9 50 7e  f0 80 03 03 0c 0b a4 00  |......P~........|
000005e0  14 7f 47 7e 80 f0 03 03  30 00 00 00 00 00 00 00  |..G~....0.......|
000005f0  00 00 00 00 00 00 00 00  00 00 00 00 00 00 00 00  |................|
00000600  00 00 00 00 00 00 00 00  00 00 00 00 00 00 00 00  |................|
00000610  00 bd 6d 7e f0 80 03 03  0c 0b cd 00 50 af 68 7e  |..m~........P.h~|
00000620  80 f0 03 03 a8 00 00 00  00 00 00 00 00 00 00 00  |................|
00000630  00 00 00 00 00 00 00 00  00 00 00 00 00 00 00 00  |................|
00000640  00 00 00 00 00 00 00 00  00 00 00 00 00 00 00 00  |................|
00000650  00 00 00 00 00 00 00 00  00 00 00 00 00 00 00 00  |................|
00000660  00 00 00 00 00 00 00 00  00 00 00 00 00 00 00 00  |................|
00000670  00 00 00 00 00 00 00 00  00 00 00 00 00 00 00 00  |................|
00000680  00 00 00 00 00 00 00 00  00 00 00 00 00 00 00 00  |................|
00000690  00 00 00 00 00 00 00 00  00 00 00 00 00 00 00 00  |................|
000006a0  00 00 00 00 00 00 00 00  00 00 00 00 00 00 00 00  |................|
000006b0  00 00 00 00 00 00 00 00  00 00 00 00 00 00 00 00  |................|
000006c0  00 00 00 00 00 c9 50 7e  f0 80 03 03 0c 0b a4 00  |......P~........|
000006d0  14 7f 47 7e 80 f0 03 03  30 00 00 00 00 00 00 00  |..G~....0.......|
000006e0  00 00 00 00 00 00 00 00  00 00 00 00 00 00 00 00  |................|
000006f0  00 00 00 00 00 00 00 00  00 00 00 00 00 00 00 00  |................|
00000700  00 bd 6d 7e f0 80 03 03  0c 0b cd 00 50 af 68 7e  |..m~........P.h~|
00000710  80 f0 03 03 a8 00 00 00  00 00 00 00 00 00 00 00  |................|
00000720  00 00 00 00 00 00 00 00  00 00 00 00 00 00 00 00  |................|
00000730  00 00 00 00 00 00 00 00  00 00 00 00 00 00 00 00  |................|
00000740  00 00 00 00 00 00 00 00  00 00 00 00 00 00 00 00  |................|
00000750  00 00 00 00 00 00 00 00  00 00 00 00 00 00 00 00  |................|
00000760  00 00 00 00 00 00 00 00  00 00 00 00 00 00 00 00  |................|
00000770  00 00 00 00 00 00 00 00  00 00 00 00 00 00 00 00  |................|
00000780  00 00 00 00 00 00 00 00  00 00 00 00 00 00 00 00  |................|
00000790  00 00 00 00 00 00 00 00  00 00 00 00 00 00 00 00  |................|
000007a0  00 00 00 00 00 00 00 00  00 00 00 00 00 00 00 00  |................|
000007b0  00 00 00 00 00 c9 50 7e  f0 80 03 03 0c 0b a4 00  |......P~........|
000007c0  14 7f 47 7e 80 f0 03 03  30 00 00 00 00 00 00 00  |..G~....0.......|
000007d0  00 00 00 00 00 00 00 00  00 00 00 00 00 00 00 00  |................|
000007e0  00 00 00 00 00 00 00 00  00 00 00 00 00 00 00 00  |................|
000007f0  00 bd 6d 7e f0 80 03 03  0c 0b cd 00 50 af 68 7e  |..m~........P.h~|
00000800  80 f0 03 03 a8 00 00 00  00 00 00 00 00 00 00 00  |................|
00000810  00 00 00 00 00 00 00 00  00 00 00 00 00 00 00 00  |................|
00000820  00 00 00 00 00 00 00 00  00 00 00 00 00 00 00 00  |................|
00000830  00 00 00 00 00 00 00 00  00 00 00 00 00 00 00 00  |................|
00000840  00 00 00 00 00 00 00 00  00 00 00 00 00 00 00 00  |................|
00000850  00 00 00 00 00 00 00 00  00 00 00 00 00 00 00 00  |................|
00000860  00 00 00 00 00 00 00 00  00 00 00 00 00 00 00 00  |................|
00000870  00 00 00 00 00 00 00 00  00 00 00 00 00 00 00 00  |................|
00000880  00 00 00 00 00 00 00 00  00 00 00 00 00 00 00 00  |................|
00000890  00 00 00 00 00 00 00 00  00 00 00 00 00 00 00 00  |................|
000008a0  00 00 00 00 00 c9 50 41  ff 00 03 00 02 00 01 ae  |......PA........|
000008b0  f8 7e f0 80 03 03 0c 0b  a4 00 14 7f 47 7e 80 f0  |.~..........G~..|
000008c0  03 03 30 00 00 00 00 00  00 00 00 00 00 00 00 00  |..0.............|
000008d0  00 00 00 00 00 00 00 00  00 00 00 00 00 00 00 00  |................|
000008e0  00 00 00 00 00 00 00 00  00 00 00 bd 6d 7e f0 80  |............m~..|
000008f0  03 03 0c 0b cd 00 50 af  68 7e 80 f0 03 03 a8 00  |......P.h~......|
00000900  00 00 00 00 00 00 00 00  00 00 00 00 00 00 00 00  |................|
00000910  00 00 00 00 00 00 00 00  00 00 00 00 00 00 00 00  |................|
00000920  00 00 00 00 00 00 00 00  00 00 00 00 00 00 00 00  |................|
00000930  00 00 00 00 00 00 00 00  00 00 00 00 00 00 00 00  |................|
00000940  00 00 00 00 00 00 00 00  00 00 00 00 00 00 00 00  |................|
00000950  00 00 00 00 00 00 00 00  00 00 00 00 00 00 00 00  |................|
00000960  00 00 00 00 00 00 00 00  00 00 00 00 00 00 00 00  |................|
00000970  00 00 00 00 00 00 00 00  00 00 00 00 00 00 00 00  |................|
00000980  00 00 00 00 00 00 00 00  00 00 00 00 00 00 00 00  |................|
00000990  00 00 00 00 00 00 00 00  00 00 00 00 00 00 00 c9  |................|
000009a0  50 7e f0 80 03 03 0c 0b  a4 00 14 7f 47 7e 80 f0  |P~..........G~..|
000009b0  03 03 30 00 00 00 00 00  00 00 00 00 00 00 00 00  |..0.............|
000009c0  00 00 00 00 00 00 00 00  00 00 00 00 00 00 00 00  |................|
000009d0  00 00 00 00 00 00 00 00  00 00 00 bd 6d 7e f0 80  |............m~..|
000009e0  03 03 0c 0b cd 00 50 af  68 7e 80 f0 03 03 a8 00  |......P.h~......|
000009f0  00 00 00 00 00 00 00 00  00 00 00 00 00 00 00 00  |................|
00000a00  00 00 00 00 00 00 00 00  00 00 00 00 00 00 00 00  |................|
00000a10  00 00 00 00 00 00 00 00  00 00 00 00 00 00 00 00  |................|
00000a20  00 00 00 00 00 00 00 00  00 00 00 00 00 00 00 00  |................|
00000a30  00 00 00 00 00 00 00 00  00 00 00 00 00 00 00 00  |................|
00000a40  00 00 00 00 00 00 00 00  00 00 00 00 00 00 00 00  |................|
00000a50  00 00 00 00 00 00 00 00  00 00 00 00 00 00 00 00  |................|
00000a60  00 00 00 00 00 00 00 00  00 00 00 00 00 00 00 00  |................|
00000a70  00 00 00 00 00 00 00 00  00 00 00 00 00 00 00 00  |................|
00000a80  00 00 00 00 00 00 00 00  00 00 00 00 00 00 00 c9  |................|
00000a90  50 7e f0 80 03 03 0c 0b  a4 00 14 7f 47 7e 80 f0  |P~..........G~..|
00000aa0  03 03 30 00 00 00 00 00  00 00 00 00 00 00 00 00  |..0.............|
00000ab0  00 00 00 00 00 00 00 00  00 00 00 00 00 00 00 00  |................|
00000ac0  00 00 00 00 00 00 00 00  00 00 00 bd 6d 7e f0 80  |............m~..|
00000ad0  03 03 0c 0b cd 00 50 af  68 7e 80 f0 03 03 a8 00  |......P.h~......|
00000ae0  00 00 00 00 00 00 00 00  00 00 00 00 00 00 00 00  |................|
00000af0  00 00 00 00 00 00 00 00  00 00 00 00 00 00 00 00  |................|
00000b00  00 00 00 00 00 00 00 00  00 00 00 00 00 00 00 00  |................|
00000b10  00 00 00 00 00 00 00 00  00 00 00 00 00 00 00 00  |................|
00000b20  00 00 00 00 00 00 00 00  00 00 00 00 00 00 00 00  |................|
00000b30  00 00 00 00 00 00 00 00  00 00 00 00 00 00 00 00  |................|
00000b40  00 00 00 00 00 00 00 00  00 00 00 00 00 00 00 00  |................|
00000b50  00 00 00 00 00 00 00 00  00 00 00 00 00 00 00 00  |................|
00000b60  00 00 00 00 00 00 00 00  00 00 00 00 00 00 00 00  |................|
00000b70  00 00 00 00 00 00 00 00  00 00 00 00 00 00 00 c9  |................|
00000b80  50 7e f0 80 03 03 0c 0b  a4 00 14 7f 47 7e 80 f0  |P~..........G~..|
00000b90  03 03 30 00 00 00 00 00  00 00 00 00 00 00 00 00  |..0.............|
00000ba0  00 00 00 00 00 00 00 00  00 00 00 00 00 00 00 00  |................|
00000bb0  00 00 00 00 00 00 00 00  00 00 00 bd 6d 7e f0 80  |............m~..|
00000bc0  03 03 0c 0b cd 00 50 af  68 7e 80 f0 03 03 a8 00  |......P.h~......|
00000bd0  00 00 00 00 00 00 00 00  00 00 00 00 00 00 00 00  |................|
00000be0  00 00 00 00 00 00 00 00  00 00 00 00 00 00 00 00  |................|
00000bf0  00 00 00 00 00 00 00 00  00 00 00 00 00 00 00 00  |................|
00000c00  00 00 00 00 00 00 00 00  00 00 00 00 00 00 00 00  |................|
00000c10  00 00 00 00 00 00 00 00  00 00 00 00 00 00 00 00  |................|
00000c20  00 00 00 00 00 00 00 00  00 00 00 00 00 00 00 00  |................|
00000c30  00 00 00 00 00 00 00 00  00 00 00 00 00 00 00 00  |................|
00000c40  00 00 00 00 00 00 00 00  00 00 00 00 00 00 00 00  |................|
00000c50  00 00 00 00 00 00 00 00  00 00 00 00 00 00 00 00  |................|
00000c60  00 00 00 00 00 00 00 00  00 00 00 00 00 00 00 c9  |................|
00000c70  50 c0 03 01 00 00 1c 55  2e f5 03 00 00 00 0b 11  |P......U........|
00000c80  79 7e f0 80 03 03 0c 0b  a4 00 14 7f 47 7e 80 f0  |y~..........G~..|
00000c90  03 03 30 00 00 00 00 00  00 00 00 00 00 00 00 00  |..0.............|
00000ca0  00 00 00 00 00 00 00 00  00 00 00 00 00 00 00 00  |................|
00000cb0  00 00 00 00 00 00 00 00  00 00 00 bd 6d 7e ff 41  |............m~.A|
00000cc0  03 03 0c 00 00 00 51 71  1f 42 ff 00 03 00 02 00  |......Qq.B......|
00000cd0  01 ee ed 7e ff 42 03 03  0c 00 00 00 51 31 0a 7e  |...~.B......Q1.~|
00000ce0  ff 11 03 03 0c 00 00 00  5d 74 26 7e ff a0 03 03  |........]t&~....|
00000cf0  0c 00 00 00 10 7e ab 7e  f0 80 03 03 0c 0b cd 00  |.....~.~........|
00000d00  50 af 68 7e 80 f0 03 03  a8 00 00 00 00 00 00 00  |P.h~............|
00000d10  00 00 00 00 00 00 00 00  00 00 00 00 00 00 00 00  |................|
00000d20  00 00 00 00 00 00 00 00  00 00 00 00 00 00 00 00  |................|
00000d30  00 00 00 00 00 00 00 00  00 00 00 00 00 00 00 00  |................|
00000d40  00 00 00 00 00 00 00 00  00 00 00 00 00 00 00 00  |................|
00000d50  00 00 00 00 00 00 00 00  00 00 00 00 00 00 00 00  |................|
00000d60  00 00 00 00 00 00 00 00  00 00 00 00 00 00 00 00  |................|
00000d70  00 00 00 00 00 00 00 00  00 00 00 00 00 00 00 00  |................|
00000d80  00 00 00 00 00 00 00 00  00 00 00 00 00 00 00 00  |................|
00000d90  00 00 00 00 00 00 00 00  00 00 00 00 00 00 00 00  |................|
00000da0  00 00 00 00 00 00 00 00  00 c9 50 f0 03 00 05 00  |..........P.....|
00000db0  38 41 38 7e f0 80 03 03  0c 0b a4 00 14 7f 47 7e  |8A8~..........G~|
00000dc0  80 f0 03 03 30 00 00 00  00 00 00 00 00 00 00 00  |....0...........|
00000dd0  00 00 00 00 00 00 00 00  00 00 00 00 00 00 00 00  |................|
00000de0  00 00 00 00 00 00 00 00  00 00 00 00 00 bd 6d 7e  |..............m~|
00000df0  f0 80 03 03 0c 0b cd 00  50 af 68 7e 80 f0 03 03  |........P.h~....|
00000e00  a8 00 00 00 00 00 00 00  00 00 00 00 00 00 00 00  |................|
00000e10  00 00 00 00 00 00 00 00  00 00 00 00 00 00 00 00  |................|
00000e20  00 00 00 00 00 00 00 00  00 00 00 00 00 00 00 00  |................|
00000e30  00 00 00 00 00 00 00 00  00 00 00 00 00 00 00 00  |................|
00000e40  00 00 00 00 00 00 00 00  00 00 00 00 00 00 00 00  |................|
00000e50  00 00 00 00 00 00 00 00  00 00 00 00 00 00 00 00  |................|
00000e60  00 00 00 00 00 00 00 00  00 00 00 00 00 00 00 00  |................|
00000e70  00 00 00 00 00 00 00 00  00 00 00 00 00 00 00 00  |................|
00000e80  00 00 00 00 00 00 00 00  00 00 00 00 00 00 00 00  |................|
00000e90  00 00 00 00 00 00 00 00  00 00 00 00 00 00 00 00  |................|
00000ea0  00 c9 50 7e f0 80 03 03  0c 0b a4 00 14 7f 47 7e  |..P~..........G~|
00000eb0  80 f0 03 03 30 00 00 00  00 00 00 00 00 00 00 00  |....0...........|
00000ec0  00 00 00 00 00 00 00 00  00 00 00 00 00 00 00 00  |................|
00000ed0  00 00 00 00 00 00 00 00  00 00 00 00 00 bd 6d 7e  |..............m~|
00000ee0  f0 80 03 03 0c 0b cd 00  50 af 68 7e 80 f0 03 03  |........P.h~....|
00000ef0  a8 00 00 00 00 00 00 00  00 00 00 00 00 00 00 00  |................|
00000f00  00 00 00 00 00 00 00 00  00 00 00 00 00 00 00 00  |................|
00000f10  00 00 00 00 00 00 00 00  00 00 00 00 00 00 00 00  |................|
00000f20  00 00 00 00 00 00 00 00  00 00 00 00 00 00 00 00  |................|
00000f30  00 00 00 00 00 00 00 00  00 00 00 00 00 00 00 00  |................|
00000f40  00 00 00 00 00 00 00 00  00 00 00 00 00 00 00 00  |................|
00000f50  00 00 00 00 00 00 00 00  00 00 00 00 00 00 00 00  |................|
00000f60  00 00 00 00 00 00 00 00  00 00 00 00 00 00 00 00  |................|
00000f70  00 00 00 00 00 00 00 00  00 00 00 00 00 00 00 00  |................|
00000f80  00 00 00 00 00 00 00 00  00 00 00 00 00 00 00 00  |................|
00000f90  00 c9 50 7e f0 80 03 03  0c 0b a4 00 14 7f 47 7e  |..P~..........G~|
00000fa0  80 f0 03 03 30 00 00 00  00 00 00 00 00 00 00 00  |....0...........|
00000fb0  00 00 00 00 00 00 00 00  00 00 00 00 00 00 00 00  |................|
00000fc0  00 00 00 00 00 00 00 00  00 00 00 00 00 bd 6d 41  |..............mA|
00000fd0  ff 00 03 00 02 00 01 ae  f8 7e f0 80 03 03 0c 0b  |.........~......|
00000fe0  cd 00 50 af 68 7e 80 f0  03 03 a8 00 00 00 00 00  |..P.h~..........|
00000ff0  00 00 00 00 00 00 00 00  00 00 00 00 00 00 00 00  |................|
00001000  00 00 00 00 00 00 00 00  00 00 00 00 00 00 00 00  |................|
00001010  00 00 00 00 00 00 00 00  00 00 00 00 00 00 00 00  |................|
00001020  00 00 00 00 00 00 00 00  00 00 00 00 00 00 00 00  |................|
00001030  00 00 00 00 00 00 00 00  00 00 00 00 00 00 00 00  |................|
00001040  00 00 00 00 00 00 00 00  00 00 00 00 00 00 00 00  |................|
00001050  00 00 00 00 00 00 00 00  00 00 00 00 00 00 00 00  |................|
00001060  00 00 00 00 00 00 00 00  00 00 00 00 00 00 00 00  |................|
00001070  00 00 00 00 00 00 00 00  00 00 00 00 00 00 00 00  |................|
00001080  00 00 00 00 00 00 00 00  00 00 00 c9 50 7e f0 80  |............P~..|
00001090  03 03 0c 0b a4 00 14 7f  47 7e 80 f0 03 03 30 00  |........G~....0.|
000010a0  00 00 00 00 00 00 00 00  00 00 00 00 00 00 00 00  |................|
000010b0  00 00 00 00 00 00 00 00  00 00 00 00 00 00 00 00  |................|
000010c0  00 00 00 00 00 00 00 bd  6d 7e f0 80 03 03 0c 0b  |........m~......|
000010d0  cd 00 50 af 68 7e 80 f0  03 03 a8 00 00 00 00 00  |..P.h~..........|
000010e0  00 00 00 00 00 00 00 00  00 00 00 00 00 00 00 00  |................|
000010f0  00 00 00 00 00 00 00 00  00 00 00 00 00 00 00 00  |................|
00001100  00 00 00 00 00 00 00 00  00 00 00 00 00 00 00 00  |................|
00001110  00 00 00 00 00 00 00 00  00 00 00 00 00 00 00 00  |................|
00001120  00 00 00 00 00 00 00 00  00 00 00 00 00 00 00 00  |................|
00001130  00 00 00 00 00 00 00 00  00 00 00 00 00 00 00 00  |................|
00001140  00 00 00 00 00 00 00 00  00 00 00 00 00 00 00 00  |................|
00001150  00 00 00 00 00 00 00 00  00 00 00 00 00 00 00 00  |................|
00001160  00 00 00 00 00 00 00 00  00 00 00 00 00 00 00 00  |................|
00001170  00 00 00 00 00 00 00 00  00 00 00 c9 50 7e f0 80  |............P~..|
00001180  03 03 0c 0b a4 00 14 7f  47 7e 80 f0 03 03 30 00  |........G~....0.|
00001190  00 00 00 00 00 00 00 00  00 00 00 00 00 00 00 00  |................|
000011a0  00 00 00 00 00 00 00 00  00 00 00 00 00 00 00 00  |................|
